12 3
aba 0.0334734 -0.034088686 -0.0069343075
decides 0.0038459876 -0.008582713 0.022415733
community 0.03848729 -0.046643216 0.0285083
broadcasting -0.0013798592 -0.026427355 -0.041212425
licence 0.037171647 0.023971178 0.020520253
g 0.020941656 -0.024164034 -0.047911614
calls 0.012944325 -0.025383411 -0.046003256
infrastructure 0.03305928 0.039479125 0.010503588
protection -0.023974504 0.039785992 -0.024495983
summit 0.000573331 -0.03502933 -0.038116496
act 0.026976071 0.043064814 -0.025279406
fire 0.029792672 -0.0015251186 -0.023953386
UNK -0.09564526 0.09957045 -0.1013644
